version https://git-lfs.github.com/spec/v1
oid sha256:28b9fed9d91114ccd32fabe9ac09f95dc2ed30606da333bff2030aa2319612e7
size 374
